{
 "metadata": {
  "name": ""
 },
 "nbformat": 3,
 "nbformat_minor": 0,
 "worksheets": [
  {
   "cells": [
    {
     "cell_type": "code",
     "collapsed": false,
     "input": [
      "import numpy as np\n",
      "import math\n",
      "import kinematic_functions as kf\n",
      "from powerball_constants import *"
     ],
     "language": "python",
     "metadata": {},
     "outputs": [],
     "prompt_number": 1
    },
    {
     "cell_type": "code",
     "collapsed": false,
     "input": [
      "jointAngles = [0.01, 0.0, 0.0, 0.0, 0.0, 0.0]"
     ],
     "language": "python",
     "metadata": {},
     "outputs": [],
     "prompt_number": 2
    },
    {
     "cell_type": "code",
     "collapsed": false,
     "input": [
      "R01 = kf.rot3D(JOINT_1_ROTATION_AXIS, jointAngles[0])\n",
      "R12 = kf.rot3D(JOINT_2_ROTATION_AXIS, jointAngles[1])\n",
      "R23 = kf.rot3D(JOINT_3_ROTATION_AXIS, jointAngles[2])\n",
      "R34 = kf.rot3D(JOINT_4_ROTATION_AXIS, jointAngles[3])\n",
      "R45 = kf.rot3D(JOINT_5_ROTATION_AXIS, jointAngles[4])\n",
      "R56 = kf.rot3D(JOINT_6_ROTATION_AXIS, jointAngles[5])"
     ],
     "language": "python",
     "metadata": {},
     "outputs": [],
     "prompt_number": 3
    },
    {
     "cell_type": "code",
     "collapsed": false,
     "input": [
      "H06 = np.matrix([[math.cos(math.pi/4), -math.sin(math.pi/4), 0, 0],\\\n",
      "                 [math.sin(math.pi/4), math.cos(math.pi/4), 0, 0], \\\n",
      "                 [0, 0, 0, 0], \\\n",
      "                 [0, 0, 0, 1]])"
     ],
     "language": "python",
     "metadata": {},
     "outputs": [],
     "prompt_number": 4
    },
    {
     "cell_type": "code",
     "collapsed": false,
     "input": [
      "p = np.array([[1, 1, 1]]).T\n",
      "k1 = np.array([[-0.8, 0.0, 0.6]]).T\n",
      "k2 = np.array([[0.6, -0.8, 0.0]]).T\n",
      "q1 = (kf.rot3D(k1, math.pi/4)*p).A1\n",
      "q1 = np.array([[q1[0], q1[1], q1[2]]]).T\n",
      "q2 = (kf.rot3D(k1, -math.pi/3)*kf.rot3D(k2, math.pi/4)*p).A1\n",
      "q2 = np.array([[q2[0], q2[1], q2[2]]]).T"
     ],
     "language": "python",
     "metadata": {},
     "outputs": [],
     "prompt_number": 5
    },
    {
     "cell_type": "code",
     "collapsed": false,
     "input": [
      "# Forward Kinematics Test:\n",
      "reload(kf)\n",
      "rotFK, transFK = kf.fkine(jointAngles)\n",
      "print(\"rotFK: \" + str(rotFK))\n",
      "print(\"transFK: \" + str(transFK))"
     ],
     "language": "python",
     "metadata": {},
     "outputs": [
      {
       "output_type": "stream",
       "stream": "stdout",
       "text": [
        "rotFK: 0.01\n",
        "transFK: [0.0, 0.0, 86.0]\n"
       ]
      }
     ],
     "prompt_number": 6
    },
    {
     "cell_type": "code",
     "collapsed": false,
     "input": [
      "# Subproblem 1 Test - PASSED\n",
      "# Should return pi/4 as answer:\n",
      "reload(kf)\n",
      "kf.subproblem1(p, q1, k1)"
     ],
     "language": "python",
     "metadata": {},
     "outputs": [
      {
       "metadata": {},
       "output_type": "pyout",
       "prompt_number": 7,
       "text": [
        "0.7853981633974483"
       ]
      }
     ],
     "prompt_number": 7
    },
    {
     "cell_type": "code",
     "collapsed": false,
     "input": [
      "# Subproblem 2 Test\n",
      "# Should return \n",
      "reload(kf)\n",
      "theta1, theta2 = kf.subproblem2(p, q2, k1, k2)\n",
      "print(\"theta1: \" + str(theta1))\n",
      "print(\"theta2: \" + str(theta2))"
     ],
     "language": "python",
     "metadata": {},
     "outputs": [
      {
       "output_type": "stream",
       "stream": "stdout",
       "text": [
        "theta1: [[-1.04719755  1.70453944]]\n",
        "theta2: [[ 0.78539816  2.75098561]]\n"
       ]
      }
     ],
     "prompt_number": 8
    },
    {
     "cell_type": "code",
     "collapsed": false,
     "input": [
      "# Powerball Inverse Kinematics Test:\n",
      "reload(kf)\n",
      "H06 = np.matrix([ [1, 0, 0, 0], \\\n",
      "                  [0, 1, 0, 0.0], \\\n",
      "                  [0, 0, 1, 100.0], \\\n",
      "                  [0, 0, 0, 1]])\n",
      "jointAngles = [-0.7463, -0.569, -1.01815, 0.0360, 0.49309, 0.0]\n",
      "# print(kf.fkine(jointAngles))\n",
      "kf.ikine(H06, jointAngles)"
     ],
     "language": "python",
     "metadata": {},
     "outputs": [
      {
       "output_type": "stream",
       "stream": "stdout",
       "text": [
        "1 Solution Found!\n",
        "1 Solution Found!\n",
        "theta11: [nan, nan]\n",
        "theta21: [-2.0841155986350515, -2.0841155986350515]\n",
        "theta12: [nan, nan]\n",
        "theta22: [2.0841155986350515, 2.0841155986350515]\n",
        "thP is: [-0.7463, -0.569, -1.01815, 0.036, 0.49309, 0.0]\n",
        "After setting theta11, theta21, theta12, theta22:\n",
        "theta11: [[-0.7463 -0.7463]]\n",
        "theta21: [[-2.0841156 -2.0841156]]\n",
        "theta12: [[-0.7463 -0.7463]]\n",
        "theta22: [[ 2.0841156  2.0841156]]\n",
        "After setting the solutions for shoulder right and shoulder left\n",
        "thIK is: \n",
        "[[-0.7463     -0.7463     -0.7463     -0.7463     -0.7463     -0.7463\n",
        "  -0.7463     -0.7463    ]\n",
        " [-2.0841156  -2.0841156  -2.0841156  -2.0841156   2.0841156   2.0841156\n",
        "   2.0841156   2.0841156 ]\n",
        " [ 2.60163089  2.60163089  2.60163089  2.60163089 -2.60163089 -2.60163089\n",
        "  -2.60163089 -2.60163089]\n",
        " [ 0.          0.          0.          0.          0.          0.          0.\n",
        "   0.        ]\n",
        " [ 0.          0.          0.          0.          0.          0.          0.\n",
        "   0.        ]\n",
        " [ 0.          0.          0.          0.          0.          0.          0.\n",
        "   0.        ]\n",
        " [ 3.          2.          3.          2.          1.          0.          1.\n",
        "   0.        ]]\n",
        "t03Rot:\n",
        "[[ -1.95587642e-02   1.80861661e-02  -9.99645110e-01]\n",
        " [  6.78926852e-01   7.34205918e-01   1.66282498e-16]\n",
        " [  7.33945356e-01  -6.78685907e-01  -2.66393443e-02]]\n",
        "thirdRow:\n",
        "[[  2.49911277e+01]\n",
        " [ -3.39298172e-14]\n",
        " [  3.05665984e+02]]\n",
        "Twrist: [[ -1.95587642e-02   1.80861661e-02  -9.99645110e-01  -7.49733832e+01]\n",
        " [  6.78926852e-01   7.34205918e-01   1.66282498e-16  -1.73015674e-14]\n",
        " [  7.33945356e-01  -6.78685907e-01  -2.66393443e-02   3.03002049e+02]\n",
        " [  0.00000000e+00   0.00000000e+00   0.00000000e+00   1.00000000e+00]]\n",
        "t03Rot:\n",
        "[[ -1.95587642e-02   1.80861661e-02  -9.99645110e-01]\n",
        " [  6.78926852e-01   7.34205918e-01   1.66282498e-16]\n",
        " [  7.33945356e-01  -6.78685907e-01  -2.66393443e-02]]\n",
        "thirdRow:\n",
        "[[  2.49911277e+01]\n",
        " [ -3.39298172e-14]\n",
        " [  3.05665984e+02]]\n",
        "Twrist: [[ -1.95587642e-02   1.80861661e-02  -9.99645110e-01  -7.49733832e+01]\n",
        " [  6.78926852e-01   7.34205918e-01   1.66282498e-16  -1.73015674e-14]\n",
        " [  7.33945356e-01  -6.78685907e-01  -2.66393443e-02   3.03002049e+02]\n",
        " [  0.00000000e+00   0.00000000e+00   0.00000000e+00   1.00000000e+00]]\n",
        "t03Rot:\n",
        "[[ -1.95587642e-02   1.80861661e-02   9.99645110e-01]\n",
        " [  6.78926852e-01   7.34205918e-01  -4.70801969e-17]\n",
        " [ -7.33945356e-01   6.78685907e-01  -2.66393443e-02]]\n",
        "thirdRow:\n",
        "[[ -2.49911277e+01]\n",
        " [  2.99812410e-14]\n",
        " [  3.05665984e+02]]\n",
        "Twrist: [[ -1.95587642e-02   1.80861661e-02   9.99645110e-01   7.49733832e+01]\n",
        " [  6.78926852e-01   7.34205918e-01  -4.70801969e-17   2.52732213e-14]\n",
        " [ -7.33945356e-01   6.78685907e-01  -2.66393443e-02   3.03002049e+02]\n",
        " [  0.00000000e+00   0.00000000e+00   0.00000000e+00   1.00000000e+00]]\n",
        "t03Rot:\n",
        "[[ -1.95587642e-02   1.80861661e-02   9.99645110e-01]\n",
        " [  6.78926852e-01   7.34205918e-01  -4.70801969e-17]\n",
        " [ -7.33945356e-01   6.78685907e-01  -2.66393443e-02]]\n",
        "thirdRow:\n",
        "[[ -2.49911277e+01]\n",
        " [  2.99812410e-14]\n",
        " [  3.05665984e+02]]\n",
        "Twrist: [[ -1.95587642e-02   1.80861661e-02   9.99645110e-01   7.49733832e+01]\n",
        " [  6.78926852e-01   7.34205918e-01  -4.70801969e-17   2.52732213e-14]\n",
        " [ -7.33945356e-01   6.78685907e-01  -2.66393443e-02   3.03002049e+02]\n",
        " [  0.00000000e+00   0.00000000e+00   0.00000000e+00   1.00000000e+00]]\n",
        "After solving for joints 4, 5, 6, thIK is: \n",
        "[[ -7.46300000e-01  -7.46300000e-01  -7.46300000e-01  -7.46300000e-01\n",
        "   -7.46300000e-01  -7.46300000e-01  -7.46300000e-01  -7.46300000e-01]\n",
        " [ -2.08411560e+00  -2.08411560e+00  -2.08411560e+00  -2.08411560e+00\n",
        "    2.08411560e+00   2.08411560e+00   2.08411560e+00   2.08411560e+00]\n",
        " [  2.60163089e+00   2.60163089e+00   2.60163089e+00   2.60163089e+00\n",
        "   -2.60163089e+00  -2.60163089e+00  -2.60163089e+00  -2.60163089e+00]\n",
        " [ -1.66341531e-16  -1.66341531e-16   3.14159265e+00   3.14159265e+00\n",
        "    3.14159265e+00   3.14159265e+00  -4.70969111e-17  -4.70969111e-17]\n",
        " [  1.59743882e+00   1.59743882e+00  -1.59743882e+00  -1.59743882e+00\n",
        "    1.59743882e+00   1.59743882e+00  -1.59743882e+00  -1.59743882e+00]\n",
        " [  7.46300000e-01   7.46300000e-01  -2.39529265e+00  -2.39529265e+00\n",
        "   -2.39529265e+00  -2.39529265e+00   7.46300000e-01   7.46300000e-01]\n",
        " [  7.00000000e+00   6.00000000e+00   3.00000000e+00   2.00000000e+00\n",
        "    5.00000000e+00   4.00000000e+00   1.00000000e+00   0.00000000e+00]]\n",
        "thIK[0:6, x] is: [ -7.46300000e-01  -2.08411560e+00   2.60163089e+00  -1.66341531e-16\n",
        "   1.59743882e+00   7.46300000e-01]\n",
        "i is: 0.7463\n",
        "thLimits[nextJoint] is: 2.96705972839\n",
        "i is: 2.08411559864\n",
        "thLimits[nextJoint] is: 1.91986217719\n",
        "i is: 2.60163088569\n",
        "thLimits[nextJoint] is: 2.70526034059\n",
        "i is: 1.66341531022e-16\n",
        "thLimits[nextJoint] is: 2.96705972839\n",
        "i is: 1.59743882285\n",
        "thLimits[nextJoint] is: 2.44346095279\n",
        "i is: 0.7463\n",
        "thLimits[nextJoint] is: 2.96705972839\n",
        "thIK[0:6, x] is: [ -7.46300000e-01  -2.08411560e+00   2.60163089e+00  -1.66341531e-16\n",
        "   1.59743882e+00   7.46300000e-01]\n",
        "i is: 0.7463\n",
        "thLimits[nextJoint] is: 2.96705972839\n",
        "i is: 2.08411559864\n",
        "thLimits[nextJoint] is: 1.91986217719\n",
        "i is: 2.60163088569\n",
        "thLimits[nextJoint] is: 2.70526034059\n",
        "i is: 1.66341531022e-16\n",
        "thLimits[nextJoint] is: 2.96705972839\n",
        "i is: 1.59743882285\n",
        "thLimits[nextJoint] is: 2.44346095279\n",
        "i is: 0.7463\n",
        "thLimits[nextJoint] is: 2.96705972839\n",
        "thIK[0:6, x] is: [-0.7463     -2.0841156   2.60163089  3.14159265 -1.59743882 -2.39529265]\n",
        "i is: 0.7463\n",
        "thLimits[nextJoint] is: 2.96705972839\n",
        "i is: 2.08411559864\n",
        "thLimits[nextJoint] is: 1.91986217719\n",
        "i is: 2.60163088569\n",
        "thLimits[nextJoint] is: 2.70526034059\n",
        "i is: 3.14159265359\n",
        "thLimits[nextJoint] is: 2.96705972839\n",
        "i is: 1.59743882285\n",
        "thLimits[nextJoint] is: 2.44346095279\n",
        "i is: 2.39529265359\n",
        "thLimits[nextJoint] is: 2.96705972839\n",
        "thIK[0:6, x] is: [-0.7463     -2.0841156   2.60163089  3.14159265 -1.59743882 -2.39529265]\n",
        "i is: 0.7463\n",
        "thLimits[nextJoint] is: 2.96705972839\n",
        "i is: 2.08411559864\n",
        "thLimits[nextJoint] is: 1.91986217719\n",
        "i is: 2.60163088569\n",
        "thLimits[nextJoint] is: 2.70526034059\n",
        "i is: 3.14159265359\n",
        "thLimits[nextJoint] is: 2.96705972839\n",
        "i is: 1.59743882285\n",
        "thLimits[nextJoint] is: 2.44346095279\n",
        "i is: 2.39529265359\n",
        "thLimits[nextJoint] is: 2.96705972839\n",
        "thIK[0:6, x] is: [-0.7463      2.0841156  -2.60163089  3.14159265  1.59743882 -2.39529265]\n",
        "i is: 0.7463\n",
        "thLimits[nextJoint] is: 2.96705972839\n",
        "i is: 2.08411559864\n",
        "thLimits[nextJoint] is: 1.91986217719\n",
        "i is: 2.60163088569\n",
        "thLimits[nextJoint] is: 2.70526034059\n",
        "i is: 3.14159265359\n",
        "thLimits[nextJoint] is: 2.96705972839\n",
        "i is: 1.59743882285\n",
        "thLimits[nextJoint] is: 2.44346095279\n",
        "i is: 2.39529265359\n",
        "thLimits[nextJoint] is: 2.96705972839\n",
        "thIK[0:6, x] is: [-0.7463      2.0841156  -2.60163089  3.14159265  1.59743882 -2.39529265]\n",
        "i is: 0.7463\n",
        "thLimits[nextJoint] is: 2.96705972839\n",
        "i is: 2.08411559864\n",
        "thLimits[nextJoint] is: 1.91986217719\n",
        "i is: 2.60163088569\n",
        "thLimits[nextJoint] is: 2.70526034059\n",
        "i is: 3.14159265359\n",
        "thLimits[nextJoint] is: 2.96705972839\n",
        "i is: 1.59743882285\n",
        "thLimits[nextJoint] is: 2.44346095279\n",
        "i is: 2.39529265359\n",
        "thLimits[nextJoint] is: 2.96705972839\n",
        "thIK[0:6, x] is: [ -7.46300000e-01   2.08411560e+00  -2.60163089e+00  -4.70969111e-17\n",
        "  -1.59743882e+00   7.46300000e-01]\n",
        "i is: 0.7463\n",
        "thLimits[nextJoint] is: 2.96705972839\n",
        "i is: 2.08411559864\n",
        "thLimits[nextJoint] is: 1.91986217719\n",
        "i is: 2.60163088569\n",
        "thLimits[nextJoint] is: 2.70526034059\n",
        "i is: 4.70969111155e-17\n",
        "thLimits[nextJoint] is: 2.96705972839\n",
        "i is: 1.59743882285\n",
        "thLimits[nextJoint] is: 2.44346095279\n",
        "i is: 0.7463\n",
        "thLimits[nextJoint] is: 2.96705972839\n",
        "thIK[0:6, x] is: [ -7.46300000e-01   2.08411560e+00  -2.60163089e+00  -4.70969111e-17\n",
        "  -1.59743882e+00   7.46300000e-01]\n",
        "i is: 0.7463\n",
        "thLimits[nextJoint] is: 2.96705972839\n",
        "i is: 2.08411559864\n",
        "thLimits[nextJoint] is: 1.91986217719\n",
        "i is: 2.60163088569\n",
        "thLimits[nextJoint] is: 2.70526034059\n",
        "i is: 4.70969111155e-17\n",
        "thLimits[nextJoint] is: 2.96705972839\n",
        "i is: 1.59743882285\n",
        "thLimits[nextJoint] is: 2.44346095279\n",
        "i is: 0.7463\n",
        "thLimits[nextJoint] is: 2.96705972839\n",
        "tempOut: \n",
        "[[ 0.  0.  0.  0.  0.  0.  0.  0.]\n",
        " [ 0.  0.  0.  0.  0.  0.  0.  0.]\n",
        " [ 0.  0.  0.  0.  0.  0.  0.  0.]\n",
        " [ 0.  0.  0.  0.  0.  0.  0.  0.]\n",
        " [ 0.  0.  0.  0.  0.  0.  0.  0.]\n",
        " [ 0.  0.  0.  0.  0.  0.  0.  0.]\n",
        " [ 0.  0.  0.  0.  0.  0.  0.  0.]]\n",
        "tempOutLim.shape[0]: 7\n",
        "tempOutLim.shape[1]: 0\n"
       ]
      },
      {
       "metadata": {},
       "output_type": "pyout",
       "prompt_number": 64,
       "text": [
        "[]"
       ]
      }
     ],
     "prompt_number": 64
    },
    {
     "cell_type": "code",
     "collapsed": false,
     "input": [],
     "language": "python",
     "metadata": {},
     "outputs": [],
     "prompt_number": 9
    }
   ],
   "metadata": {}
  }
 ]
}