{
 "metadata": {
  "name": ""
 },
 "nbformat": 3,
 "nbformat_minor": 0,
 "worksheets": [
  {
   "cells": [
    {
     "cell_type": "code",
     "collapsed": false,
     "input": [
      "import numpy as np\n",
      "import math\n",
      "import kinematic_functions as kf\n",
      "from powerball_constants import *"
     ],
     "language": "python",
     "metadata": {},
     "outputs": [],
     "prompt_number": 1
    },
    {
     "cell_type": "code",
     "collapsed": false,
     "input": [
      "jointAngles = [0.5, 0.5, 0.5, 0.5, 0.5, 0.5]"
     ],
     "language": "python",
     "metadata": {},
     "outputs": [],
     "prompt_number": 2
    },
    {
     "cell_type": "code",
     "collapsed": false,
     "input": [
      "R01 = kf.rot3D(JOINT_1_ROTATION_AXIS, jointAngles[0])\n",
      "R12 = kf.rot3D(JOINT_2_ROTATION_AXIS, jointAngles[1])\n",
      "R23 = kf.rot3D(JOINT_3_ROTATION_AXIS, jointAngles[2])\n",
      "R34 = kf.rot3D(JOINT_4_ROTATION_AXIS, jointAngles[3])\n",
      "R45 = kf.rot3D(JOINT_5_ROTATION_AXIS, jointAngles[4])\n",
      "R56 = kf.rot3D(JOINT_6_ROTATION_AXIS, jointAngles[5])"
     ],
     "language": "python",
     "metadata": {},
     "outputs": [],
     "prompt_number": 3
    },
    {
     "cell_type": "code",
     "collapsed": false,
     "input": [
      "H01 = np.matrix([ [R01[0, 0], R01[0, 1], R01[0, 2], P01[0, 0]], \\\n",
      "                  [R01[1, 0], R01[1, 1], R01[1, 2], P01[1, 0]], \\\n",
      "                  [R01[2, 0], R01[2, 1], R01[2, 2], P01[2, 0]], \\\n",
      "                  [0, 0, 0, 1] ])\n",
      "H12 = np.matrix([ [R12[0, 0], R12[0, 1], R12[0, 2], P12[0, 0]], \\\n",
      "                  [R12[1, 0], R12[1, 1], R12[1, 2], P12[1, 0]], \\\n",
      "                  [R12[2, 0], R12[2, 1], R12[2, 2], P12[2, 0]], \\\n",
      "                  [0, 0, 0, 1] ])\n",
      "H23 = np.matrix([ [R23[0, 0], R23[0, 1], R23[0, 2], P23[0, 0]], \\\n",
      "                  [R23[1, 0], R23[1, 1], R23[1, 2], P23[1, 0]], \\\n",
      "                  [R23[2, 0], R23[2, 1], R23[2, 2], P23[2, 0]], \\\n",
      "                  [0, 0, 0, 1] ])\n",
      "H34 = np.matrix([ [R34[0, 0], R34[0, 1], R34[0, 2], P34[0, 0]], \\\n",
      "                  [R34[1, 0], R34[1, 1], R34[1, 2], P34[1, 0]], \\\n",
      "                  [R34[2, 0], R34[2, 1], R34[2, 2], P34[2, 0]], \\\n",
      "                  [0, 0, 0, 1] ])\n",
      "H45 = np.matrix([ [R45[0, 0], R45[0, 1], R45[0, 2], P45[0, 0]], \\\n",
      "                  [R45[1, 0], R45[1, 1], R45[1, 2], P45[1, 0]], \\\n",
      "                  [R45[2, 0], R45[2, 1], R45[2, 2], P45[2, 0]], \\\n",
      "                  [0, 0, 0, 1] ])\n",
      "H56 = np.matrix([ [R56[0, 0], R56[0, 1], R56[0, 2], P56[0, 0]], \\\n",
      "                  [R56[1, 0], R56[1, 1], R56[1, 2], P56[1, 0]], \\\n",
      "                  [R56[2, 0], R56[2, 1], R56[2, 2], P56[2, 0]], \\\n",
      "                  [0, 0, 0, 1] ])\n",
      "H06 = H01*H12*H23*H34*H45*H56"
     ],
     "language": "python",
     "metadata": {},
     "outputs": [],
     "prompt_number": 4
    },
    {
     "cell_type": "code",
     "collapsed": false,
     "input": [
      "p = np.array([[1, 1, 1]]).T\n",
      "k1 = np.array([[-0.8, 0.0, 0.6]]).T\n",
      "k2 = np.array([[0.6, -0.8, 0.0]]).T\n",
      "q1 = (kf.rot3D(k1, math.pi/4)*p).A1\n",
      "q1 = np.array([[q1[0], q1[1], q1[2]]]).T\n",
      "q2 = (kf.rot3D(k1, -math.pi/3)*kf.rot3D(k2, math.pi/4)*p).A1\n",
      "q2 = np.array([[q2[0], q2[1], q2[2]]]).T"
     ],
     "language": "python",
     "metadata": {},
     "outputs": [],
     "prompt_number": 5
    },
    {
     "cell_type": "code",
     "collapsed": false,
     "input": [
      "# Forward Kinematics Test:\n",
      "reload(kf)\n",
      "rotFK, transFK = kf.fkine(jointAngles)\n",
      "print(\"rotFK: \" + str(rotFK))\n",
      "print(\"transFK: \" + str(transFK))"
     ],
     "language": "python",
     "metadata": {},
     "outputs": [
      {
       "output_type": "stream",
       "stream": "stdout",
       "text": [
        "rotFK: 3.0\n",
        "transFK: [14.725742234138188, 8.044709647307554, 81.71538966616305]\n"
       ]
      }
     ],
     "prompt_number": 6
    },
    {
     "cell_type": "code",
     "collapsed": false,
     "input": [
      "# Subproblem 1 Test - PASSED\n",
      "# Should return pi/4 as answer:\n",
      "reload(kf)\n",
      "kf.subproblem1(p, q1, k1)"
     ],
     "language": "python",
     "metadata": {},
     "outputs": [
      {
       "output_type": "stream",
       "stream": "stdout",
       "text": [
        "normP: [[ 0.57735027]\n",
        " [ 0.57735027]\n",
        " [ 0.57735027]]\n",
        "normQ: [[ 0.19035563]\n",
        " [ 0.9797959 ]\n",
        " [ 0.06135742]]\n",
        "normK: [[-0.8]\n",
        " [ 0. ]\n",
        " [ 0.6]]\n",
        "pPrime: [[ 0.48497423]\n",
        " [ 0.57735027]\n",
        " [ 0.6466323 ]]\n",
        "qPrime: [[ 0.09797959]\n",
        " [ 0.9797959 ]\n",
        " [ 0.13063945]]\n"
       ]
      },
      {
       "metadata": {},
       "output_type": "pyout",
       "prompt_number": 7,
       "text": [
        "0.7853981633974483"
       ]
      }
     ],
     "prompt_number": 7
    },
    {
     "cell_type": "code",
     "collapsed": false,
     "input": [
      "# Subproblem 2 Test\n",
      "# Should return \n",
      "reload(kf)\n",
      "theta1, theta2 = kf.subproblem2(p, q2, k1, k2)\n",
      "print(\"theta1: \" + str(theta1))\n",
      "print(\"theta2: \" + str(theta2))"
     ],
     "language": "python",
     "metadata": {},
     "outputs": [
      {
       "output_type": "stream",
       "stream": "stdout",
       "text": [
        "p: [[1]\n",
        " [1]\n",
        " [1]]\n",
        "q: [[-0.14882862]\n",
        " [-1.06612394]\n",
        " [ 1.35691923]]\n",
        "k1: [[-0.8]\n",
        " [ 0. ]\n",
        " [ 0.6]]\n",
        "k2: [[ 0.6]\n",
        " [-0.8]\n",
        " [ 0. ]]\n",
        "k12: -0.48\n",
        "pk: -0.2\n",
        "qk: 0.933214428925\n",
        "a: [[ 1.08785659]\n",
        " [ 0.32217116]]\n",
        "bb: 2.04923076923\n",
        "gamma: 1.63178487966\n",
        "normP: [[ 0.57735027]\n",
        " [ 0.57735027]\n",
        " [ 0.57735027]]\n",
        "normQ: [[ 0.06135742]\n",
        " [ 0.19035563]\n",
        " [ 0.9797959 ]]\n",
        "normK: [[ 0.6]\n",
        " [-0.8]\n",
        " [ 0. ]]\n",
        "pPrime: [[ 0.6466323 ]\n",
        " [ 0.48497423]\n",
        " [ 0.57735027]]\n",
        "qPrime: [[ 0.13063945]\n",
        " [ 0.09797959]\n",
        " [ 0.9797959 ]]\n",
        "normP: [[ 0.57735027]\n",
        " [ 0.57735027]\n",
        " [ 0.57735027]]\n",
        "normQ: [[-0.84306956]\n",
        " [-0.4879646 ]\n",
        " [-0.22610675]]\n",
        "normK: [[ 0.6]\n",
        " [-0.8]\n",
        " [ 0. ]]\n",
        "pPrime: [[ 0.6466323 ]\n",
        " [ 0.48497423]\n",
        " [ 0.57735027]]\n",
        "qPrime: [[-0.77378753]\n",
        " [-0.58034065]\n",
        " [-0.22610675]]\n",
        "normP: [[-0.08592624]\n",
        " [-0.61552694]\n",
        " [ 0.78341768]]\n",
        "normQ: [[ 0.06135742]\n",
        " [ 0.19035563]\n",
        " [ 0.9797959 ]]\n",
        "normK: [[-0.8]\n",
        " [ 0. ]\n",
        " [ 0.6]]\n",
        "pPrime: [[ 0.34510704]\n",
        " [-0.61552694]\n",
        " [ 0.46014272]]\n",
        "qPrime: [[ 0.4923907 ]\n",
        " [ 0.19035563]\n",
        " [ 0.65652094]]\n",
        "normP: [[-0.08592624]\n",
        " [-0.61552694]\n",
        " [ 0.78341768]]\n",
        "normQ: [[-0.84306956]\n",
        " [-0.4879646 ]\n",
        " [-0.22610675]]\n",
        "normK: [[-0.8]\n",
        " [ 0. ]\n",
        " [ 0.6]]\n",
        "pPrime: [[ 0.34510704]\n",
        " [-0.61552694]\n",
        " [ 0.46014272]]\n",
        "qPrime: [[-0.41203628]\n",
        " [-0.4879646 ]\n",
        " [-0.54938171]]\n",
        "theta1: [[-1.04719755  1.70453944]]\n",
        "theta2: [[ 0.78539816  2.75098561]]\n"
       ]
      }
     ],
     "prompt_number": 8
    },
    {
     "cell_type": "code",
     "collapsed": false,
     "input": [
      "# Powerball Inverse Kinematics Test:\n",
      "reload(kf)\n",
      "kf.ikine(H06, jointAngles)"
     ],
     "language": "python",
     "metadata": {},
     "outputs": [
      {
       "output_type": "stream",
       "stream": "stdout",
       "text": [
        "After setting the solutions for shoulder right and shoulder left\n",
        "thIK is: \n",
        "[[-2.29900651  0.84258614 -2.29900651  0.84258614 -2.29900651  0.84258614\n",
        "  -2.29900651  0.84258614]\n",
        " [-1.82342711 -2.35340549 -1.82342711 -2.35340549  2.35340549  1.82342711\n",
        "   2.35340549  1.82342711]\n",
        " [ 2.54928701  2.54928701  2.54928701  2.54928701 -2.54928701 -2.54928701\n",
        "  -2.54928701 -2.54928701]\n",
        " [ 0.          0.          0.          0.          0.          0.          0.\n",
        "   0.        ]\n",
        " [ 0.          0.          0.          0.          0.          0.          0.\n",
        "   0.        ]\n",
        " [ 0.          0.          0.          0.          0.          0.          0.\n",
        "   0.        ]\n",
        " [ 3.          2.          3.          2.          1.          0.          1.\n",
        "   0.        ]]\n",
        "t03Rot:\n",
        "[[  2.21743266e-01   2.48674896e-01  -9.42863044e-01]\n",
        " [  7.46366782e-01  -6.65534843e-01   1.59408346e-16]\n",
        " [ -6.27508208e-01  -7.03721656e-01  -3.33180551e-01]]\n",
        "thirdRow:\n",
        "[[ -2.10946528e+00]\n",
        " [ -4.71548627e-14]\n",
        " [  3.58681508e+02]]\n",
        "Twrist: [[ -1.68309986e-01   3.24313654e-02  -9.85200465e-01  -7.38900348e+01]\n",
        " [ -5.94230334e-01  -8.00775715e-01   7.51569369e-02   5.63677026e+00]\n",
        " [ -7.86487164e-01   5.98085664e-01   1.54050250e-01   3.16553769e+02]\n",
        " [  0.00000000e+00   0.00000000e+00   0.00000000e+00   1.00000000e+00]]\n",
        "t03Rot:\n",
        "[[  1.25890536e-01   1.41180458e-01  -9.81946868e-01]\n",
        " [ -7.46366782e-01   6.65534843e-01   1.59651646e-16]\n",
        " [  6.53519855e-01   7.32892523e-01   1.89156942e-01]]\n",
        "thirdRow:\n",
        "[[  5.90271855e+00]\n",
        " [ -3.59597369e-14]\n",
        " [  2.51602322e+02]]\n",
        "Twrist: [[ -2.83478099e-01   1.21075257e-01  -9.51304867e-01  -7.13478650e+01]\n",
        " [  5.94230334e-01   8.00775715e-01  -7.51569369e-02  -5.63677026e+00]\n",
        " [  7.52682189e-01  -5.86599554e-01  -2.98948967e-01   2.82578827e+02]\n",
        " [  0.00000000e+00   0.00000000e+00   0.00000000e+00   1.00000000e+00]]\n",
        "t03Rot:\n",
        "[[ -1.25890536e-01  -1.41180458e-01   9.81946868e-01]\n",
        " [  7.46366782e-01  -6.65534843e-01  -1.40219214e-17]\n",
        " [  6.53519855e-01   7.32892523e-01   1.89156942e-01]]\n",
        "thirdRow:\n",
        "[[ -5.90271855e+00]\n",
        " [  4.20465015e-14]\n",
        " [  2.51602322e+02]]\n",
        "Twrist: [[  2.83478099e-01  -1.21075257e-01   9.51304867e-01   7.13478650e+01]\n",
        " [ -5.94230334e-01  -8.00775715e-01   7.51569369e-02   5.63677026e+00]\n",
        " [  7.52682189e-01  -5.86599554e-01  -2.98948967e-01   2.82578827e+02]\n",
        " [  0.00000000e+00   0.00000000e+00   0.00000000e+00   1.00000000e+00]]\n",
        "t03Rot:\n",
        "[[ -2.21743266e-01  -2.48674896e-01   9.42863044e-01]\n",
        " [ -7.46366782e-01   6.65534843e-01  -7.77465158e-17]\n",
        " [ -6.27508208e-01  -7.03721656e-01  -3.33180551e-01]]\n",
        "thirdRow:\n",
        "[[  2.10946528e+00]\n",
        " [  9.13651908e-15]\n",
        " [  3.58681508e+02]]\n",
        "Twrist: [[  1.68309986e-01  -3.24313654e-02   9.85200465e-01   7.38900348e+01]\n",
        " [  5.94230334e-01   8.00775715e-01  -7.51569369e-02  -5.63677026e+00]\n",
        " [ -7.86487164e-01   5.98085664e-01   1.54050250e-01   3.16553769e+02]\n",
        " [  0.00000000e+00   0.00000000e+00   0.00000000e+00   1.00000000e+00]]\n",
        "After solving for joints 4, 5, 6, thIK is: \n",
        "[[-2.29900651  0.84258614 -2.29900651  0.84258614 -2.29900651  0.84258614\n",
        "  -2.29900651  0.84258614]\n",
        " [-1.82342711 -2.35340549 -1.82342711 -2.35340549  2.35340549  1.82342711\n",
        "   2.35340549  1.82342711]\n",
        " [ 2.54928701  2.54928701  2.54928701  2.54928701 -2.54928701 -2.54928701\n",
        "  -2.54928701 -2.54928701]\n",
        " [-0.07613846  0.07884029  3.06545419 -3.06275236 -3.06275236  3.06545419\n",
        "   0.07884029 -0.07613846]\n",
        " [ 1.41613017  1.87438739 -1.41613017 -1.87438739  1.87438739  1.41613017\n",
        "  -1.87438739 -1.41613017]\n",
        " [-2.49143581  0.6620193   0.65015684 -2.47957335  0.6620193  -2.49143581\n",
        "  -2.47957335  0.65015684]\n",
        " [ 7.          6.          3.          2.          5.          4.          1.\n",
        "   0.        ]]\n",
        "tempOut: \n",
        "[[-2.29900651  0.84258614  0.          0.          0.          0.          0.\n",
        "   0.        ]\n",
        " [-1.82342711  1.82342711  0.          0.          0.          0.          0.\n",
        "   0.        ]\n",
        " [ 2.54928701 -2.54928701  0.          0.          0.          0.          0.\n",
        "   0.        ]\n",
        " [-0.07613846 -0.07613846  0.          0.          0.          0.          0.\n",
        "   0.        ]\n",
        " [ 1.41613017 -1.41613017  0.          0.          0.          0.          0.\n",
        "   0.        ]\n",
        " [-2.49143581  0.65015684  0.          0.          0.          0.          0.\n",
        "   0.        ]\n",
        " [ 7.          0.          0.          0.          0.          0.          0.\n",
        "   0.        ]]\n",
        "tempOutLim is: \n",
        "[[-2.29900651  0.84258614]\n",
        " [-1.82342711  1.82342711]\n",
        " [ 2.54928701 -2.54928701]\n",
        " [-0.07613846 -0.07613846]\n",
        " [ 1.41613017 -1.41613017]\n",
        " [-2.49143581  0.65015684]\n",
        " [ 7.          0.        ]]\n",
        "In Conditional if\n",
        "minDiff:[[ 5.24902338]\n",
        " [ 3.8978216 ]]\n",
        "smallestIndex: 1\n"
       ]
      },
      {
       "metadata": {},
       "output_type": "pyout",
       "prompt_number": 137,
       "text": [
        "[0.842586141982817,\n",
        " 1.8234271093713617,\n",
        " -2.549287006742065,\n",
        " -0.0761384647056264,\n",
        " -1.416130169568903,\n",
        " 0.6501568391308696,\n",
        " 0.0]"
       ]
      }
     ],
     "prompt_number": 137
    },
    {
     "cell_type": "code",
     "collapsed": false,
     "input": [],
     "language": "python",
     "metadata": {},
     "outputs": []
    }
   ],
   "metadata": {}
  }
 ]
}