{
 "metadata": {
  "name": ""
 },
 "nbformat": 3,
 "nbformat_minor": 0,
 "worksheets": [
  {
   "cells": [
    {
     "cell_type": "code",
     "collapsed": false,
     "input": [
      "import numpy as np\n",
      "import math\n",
      "import kinematic_functions as kf\n",
      "from powerball_constants import *"
     ],
     "language": "python",
     "metadata": {},
     "outputs": [],
     "prompt_number": 2
    },
    {
     "cell_type": "code",
     "collapsed": false,
     "input": [
      "jointAngles = [0.01, 0.0, 0.0, 0.0, 0.0, 0.0]"
     ],
     "language": "python",
     "metadata": {},
     "outputs": [],
     "prompt_number": 3
    },
    {
     "cell_type": "code",
     "collapsed": false,
     "input": [
      "R01 = kf.rot3D(JOINT_1_ROTATION_AXIS, jointAngles[0])\n",
      "R12 = kf.rot3D(JOINT_2_ROTATION_AXIS, jointAngles[1])\n",
      "R23 = kf.rot3D(JOINT_3_ROTATION_AXIS, jointAngles[2])\n",
      "R34 = kf.rot3D(JOINT_4_ROTATION_AXIS, jointAngles[3])\n",
      "R45 = kf.rot3D(JOINT_5_ROTATION_AXIS, jointAngles[4])\n",
      "R56 = kf.rot3D(JOINT_6_ROTATION_AXIS, jointAngles[5])"
     ],
     "language": "python",
     "metadata": {},
     "outputs": [],
     "prompt_number": 4
    },
    {
     "cell_type": "code",
     "collapsed": false,
     "input": [
      "H06 = np.matrix([[math.cos(math.pi/4), -math.sin(math.pi/4), 0, 0],\\\n",
      "                 [math.sin(math.pi/4), math.cos(math.pi/4), 0, 0], \\\n",
      "                 [0, 0, 0, 0], \\\n",
      "                 [0, 0, 0, 1]])"
     ],
     "language": "python",
     "metadata": {},
     "outputs": [],
     "prompt_number": 5
    },
    {
     "cell_type": "code",
     "collapsed": false,
     "input": [
      "p = np.array([[1, 1, 1]]).T\n",
      "k1 = np.array([[-0.8, 0.0, 0.6]]).T\n",
      "k2 = np.array([[0.6, -0.8, 0.0]]).T\n",
      "q1 = (kf.rot3D(k1, math.pi/4)*p).A1\n",
      "q1 = np.array([[q1[0], q1[1], q1[2]]]).T\n",
      "q2 = (kf.rot3D(k1, -math.pi/3)*kf.rot3D(k2, math.pi/4)*p).A1\n",
      "q2 = np.array([[q2[0], q2[1], q2[2]]]).T"
     ],
     "language": "python",
     "metadata": {},
     "outputs": [],
     "prompt_number": 6
    },
    {
     "cell_type": "code",
     "collapsed": false,
     "input": [
      "# Forward Kinematics Test:\n",
      "reload(kf)\n",
      "rotFK, transFK = kf.fkine(jointAngles)\n",
      "print(\"rotFK: \" + str(rotFK))\n",
      "print(\"transFK: \" + str(transFK))"
     ],
     "language": "python",
     "metadata": {},
     "outputs": [
      {
       "output_type": "stream",
       "stream": "stdout",
       "text": [
        "rotFK: 0.01\n",
        "transFK: [0.0, 0.0, 86.0]\n"
       ]
      }
     ],
     "prompt_number": 7
    },
    {
     "cell_type": "code",
     "collapsed": false,
     "input": [
      "# Subproblem 1 Test - PASSED\n",
      "# Should return pi/4 as answer:\n",
      "reload(kf)\n",
      "kf.subproblem1(p, q1, k1)"
     ],
     "language": "python",
     "metadata": {},
     "outputs": [
      {
       "metadata": {},
       "output_type": "pyout",
       "prompt_number": 8,
       "text": [
        "0.7853981633974483"
       ]
      }
     ],
     "prompt_number": 8
    },
    {
     "cell_type": "code",
     "collapsed": false,
     "input": [
      "# Subproblem 2 Test\n",
      "# Should return \n",
      "reload(kf)\n",
      "theta1, theta2 = kf.subproblem2(p, q2, k1, k2)\n",
      "print(\"theta1: \" + str(theta1))\n",
      "print(\"theta2: \" + str(theta2))"
     ],
     "language": "python",
     "metadata": {},
     "outputs": [
      {
       "output_type": "stream",
       "stream": "stdout",
       "text": [
        "theta1: [[-1.04719755  1.70453944]]\n",
        "theta2: [[ 0.78539816  2.75098561]]\n"
       ]
      }
     ],
     "prompt_number": 9
    },
    {
     "cell_type": "code",
     "collapsed": false,
     "input": [
      "# Powerball Inverse Kinematics Test:\n",
      "reload(kf)\n",
      "H06 = np.matrix([ [1, 0, 0, 100.0], \\\n",
      "                  [0, 1, 0, 100.0], \\\n",
      "                  [0, 0, 1, 100.0], \\\n",
      "                  [0, 0, 0, 1]])\n",
      "jointAngles = [0.00001, 0.00001, 0.00001, 0.00001, 0.000001, 0.000001]\n",
      "kf.ikine(H06, jointAngles)"
     ],
     "language": "python",
     "metadata": {},
     "outputs": [
      {
       "output_type": "stream",
       "stream": "stdout",
       "text": [
        "theta11: [[-2.35619449  0.78539816]]\n",
        "theta21: [[-1.44115408 -2.77304299]]\n",
        "theta12: [[-2.35619449  0.78539816]]\n",
        "theta22: [[ 2.77304299  1.44115408]]\n",
        "After setting theta11, theta21, theta12, theta22:\n",
        "theta11: [[-2.35619449  0.78539816]]\n",
        "theta21: [[-1.44115408 -2.77304299]]\n",
        "theta12: [[-2.35619449  0.78539816]]\n",
        "theta22: [[ 2.77304299  1.44115408]]\n",
        "After setting the solutions for shoulder right and shoulder left\n",
        "thIK is: \n",
        "[[-2.35619449  0.78539816 -2.35619449  0.78539816 -2.35619449  0.78539816\n",
        "  -2.35619449  0.78539816]\n",
        " [-1.44115408 -2.77304299 -1.44115408 -2.77304299  2.77304299  1.44115408\n",
        "   2.77304299  1.44115408]\n",
        " [ 2.44036622  2.44036622  2.44036622  2.44036622 -2.44036622 -2.44036622\n",
        "  -2.44036622 -2.44036622]\n",
        " [ 0.          0.          0.          0.          0.          0.          0.\n",
        "   0.        ]\n",
        " [ 0.          0.          0.          0.          0.          0.          0.\n",
        "   0.        ]\n",
        " [ 0.          0.          0.          0.          0.          0.          0.\n",
        "   0.        ]\n",
        " [ 3.          2.          3.          2.          1.          0.          1.\n",
        "   0.        ]]\n",
        "t03Rot:\n",
        "[[  5.22210621e-01   5.22210621e-01  -6.74234480e-01]\n",
        " [  7.07106781e-01  -7.07106781e-01   1.37448177e-16]\n",
        " [ -4.76755773e-01  -4.76755773e-01  -7.38517343e-01]]\n",
        "thirdRow:\n",
        "[[ -8.75862623e+01]\n",
        " [ -3.43961024e-14]\n",
        " [  4.18814088e+02]]\n",
        "Twrist: [[  5.22210621e-01   5.22210621e-01  -6.74234480e-01  -5.05675860e+01]\n",
        " [  7.07106781e-01  -7.07106781e-01   1.37448177e-16  -6.44043002e-15]\n",
        " [ -4.76755773e-01  -4.76755773e-01  -7.38517343e-01   2.49611199e+02]\n",
        " [  0.00000000e+00   0.00000000e+00   0.00000000e+00   1.00000000e+00]]\n",
        "t03Rot:\n",
        "[[  3.39637969e-01   3.39637969e-01  -8.77092983e-01]\n",
        " [ -7.07106781e-01   7.07106781e-01   1.34762972e-16]\n",
        " [  6.20198396e-01   6.20198396e-01   4.80320622e-01]]\n",
        "thirdRow:\n",
        "[[ -4.60002692e+01]\n",
        " [ -2.62591609e-14]\n",
        " [  1.68952305e+02]]\n",
        "Twrist: [[  3.39637969e-01   3.39637969e-01  -8.77092983e-01  -6.57819737e+01]\n",
        " [ -7.07106781e-01   7.07106781e-01   1.34762972e-16  -2.69937184e-14]\n",
        " [  6.20198396e-01   6.20198396e-01   4.80320622e-01   3.41024047e+02]\n",
        " [  0.00000000e+00   0.00000000e+00   0.00000000e+00   1.00000000e+00]]\n",
        "t03Rot:\n",
        "[[ -3.39637969e-01  -3.39637969e-01   8.77092983e-01]\n",
        " [  7.07106781e-01  -7.07106781e-01   4.65240189e-17]\n",
        " [  6.20198396e-01   6.20198396e-01   4.80320622e-01]]\n",
        "thirdRow:\n",
        "[[  4.60002692e+01]\n",
        " [  5.65256546e-15]\n",
        " [  1.68952305e+02]]\n",
        "Twrist: [[ -3.39637969e-01  -3.39637969e-01   8.77092983e-01   6.57819737e+01]\n",
        " [  7.07106781e-01  -7.07106781e-01   4.65240189e-17   3.87266768e-14]\n",
        " [  6.20198396e-01   6.20198396e-01   4.80320622e-01   3.41024047e+02]\n",
        " [  0.00000000e+00   0.00000000e+00   0.00000000e+00   1.00000000e+00]]\n",
        "t03Rot:\n",
        "[[ -5.22210621e-01  -5.22210621e-01   6.74234480e-01]\n",
        " [ -7.07106781e-01   7.07106781e-01  -1.05425787e-16]\n",
        " [ -4.76755773e-01  -4.76755773e-01  -7.38517343e-01]]\n",
        "thirdRow:\n",
        "[[  8.75862623e+01]\n",
        " [  2.63825701e-14]\n",
        " [  4.18814088e+02]]\n",
        "Twrist: [[ -5.22210621e-01  -5.22210621e-01   6.74234480e-01   5.05675860e+01]\n",
        " [ -7.07106781e-01   7.07106781e-01  -1.05425787e-16   3.00508462e-14]\n",
        " [ -4.76755773e-01  -4.76755773e-01  -7.38517343e-01   2.49611199e+02]\n",
        " [  0.00000000e+00   0.00000000e+00   0.00000000e+00   1.00000000e+00]]\n",
        "After solving for joints 4, 5, 6, thIK is: \n",
        "[[ -2.35619449e+00   7.85398163e-01  -2.35619449e+00   7.85398163e-01\n",
        "   -2.35619449e+00   7.85398163e-01  -2.35619449e+00   7.85398163e-01]\n",
        " [ -1.44115408e+00  -2.77304299e+00  -1.44115408e+00  -2.77304299e+00\n",
        "    2.77304299e+00   1.44115408e+00   2.77304299e+00   1.44115408e+00]\n",
        " [  2.44036622e+00   2.44036622e+00   2.44036622e+00   2.44036622e+00\n",
        "   -2.44036622e+00  -2.44036622e+00  -2.44036622e+00  -2.44036622e+00]\n",
        " [ -2.03858125e-16  -1.53647304e-16   3.14159265e+00   3.14159265e+00\n",
        "   -3.14159265e+00   3.14159265e+00   5.30434284e-17  -1.56363683e-16]\n",
        " [  2.40166501e+00   1.06977610e+00  -2.40166501e+00  -1.06977610e+00\n",
        "    1.06977610e+00   2.40166501e+00  -1.06977610e+00  -2.40166501e+00]\n",
        " [  2.35619449e+00  -7.85398163e-01  -7.85398163e-01   2.35619449e+00\n",
        "   -7.85398163e-01   2.35619449e+00   2.35619449e+00  -7.85398163e-01]\n",
        " [  7.00000000e+00   6.00000000e+00   3.00000000e+00   2.00000000e+00\n",
        "    5.00000000e+00   4.00000000e+00   1.00000000e+00   0.00000000e+00]]\n",
        "thIK[0:6, x] is: [ -2.35619449e+00  -1.44115408e+00   2.44036622e+00  -2.03858125e-16\n",
        "   2.40166501e+00   2.35619449e+00]\n",
        "i is: 2.35619449019\n",
        "thLimits[nextJoint] is: 2.96705972839\n",
        "i is: 1.44115408083\n",
        "thLimits[nextJoint] is: 1.91986217719\n",
        "i is: 2.4403662203\n",
        "thLimits[nextJoint] is: 2.70526034059\n",
        "i is: 2.03858124679e-16\n",
        "thLimits[nextJoint] is: 2.96705972839\n",
        "i is: 2.40166500606\n",
        "thLimits[nextJoint] is: 2.44346095279\n",
        "i is: 2.35619449019\n",
        "thLimits[nextJoint] is: 2.96705972839\n",
        "thIK[0:6, x] is: [  7.85398163e-01  -2.77304299e+00   2.44036622e+00  -1.53647304e-16\n",
        "   1.06977610e+00  -7.85398163e-01]\n",
        "i is: 0.785398163397\n",
        "thLimits[nextJoint] is: 2.96705972839\n",
        "i is: 2.77304298653\n",
        "thLimits[nextJoint] is: 1.91986217719\n",
        "i is: 2.4403662203\n",
        "thLimits[nextJoint] is: 2.70526034059\n",
        "i is: 1.53647304141e-16\n",
        "thLimits[nextJoint] is: 2.96705972839\n",
        "i is: 1.06977610035\n",
        "thLimits[nextJoint] is: 2.44346095279\n",
        "i is: 0.785398163397\n",
        "thLimits[nextJoint] is: 2.96705972839\n",
        "thIK[0:6, x] is: [-2.35619449 -1.44115408  2.44036622  3.14159265 -2.40166501 -0.78539816]\n",
        "i is: 2.35619449019\n",
        "thLimits[nextJoint] is: 2.96705972839\n",
        "i is: 1.44115408083\n",
        "thLimits[nextJoint] is: 1.91986217719\n",
        "i is: 2.4403662203\n",
        "thLimits[nextJoint] is: 2.70526034059\n",
        "i is: 3.14159265359\n",
        "thLimits[nextJoint] is: 2.96705972839\n",
        "i is: 2.40166500606\n",
        "thLimits[nextJoint] is: 2.44346095279\n",
        "i is: 0.785398163397\n",
        "thLimits[nextJoint] is: 2.96705972839\n",
        "thIK[0:6, x] is: [ 0.78539816 -2.77304299  2.44036622  3.14159265 -1.0697761   2.35619449]\n",
        "i is: 0.785398163397\n",
        "thLimits[nextJoint] is: 2.96705972839\n",
        "i is: 2.77304298653\n",
        "thLimits[nextJoint] is: 1.91986217719\n",
        "i is: 2.4403662203\n",
        "thLimits[nextJoint] is: 2.70526034059\n",
        "i is: 3.14159265359\n",
        "thLimits[nextJoint] is: 2.96705972839\n",
        "i is: 1.06977610035\n",
        "thLimits[nextJoint] is: 2.44346095279\n",
        "i is: 2.35619449019\n",
        "thLimits[nextJoint] is: 2.96705972839\n",
        "thIK[0:6, x] is: [-2.35619449  2.77304299 -2.44036622 -3.14159265  1.0697761  -0.78539816]\n",
        "i is: 2.35619449019\n",
        "thLimits[nextJoint] is: 2.96705972839\n",
        "i is: 2.77304298653\n",
        "thLimits[nextJoint] is: 1.91986217719\n",
        "i is: 2.4403662203\n",
        "thLimits[nextJoint] is: 2.70526034059\n",
        "i is: 3.14159265359\n",
        "thLimits[nextJoint] is: 2.96705972839\n",
        "i is: 1.06977610035\n",
        "thLimits[nextJoint] is: 2.44346095279\n",
        "i is: 0.785398163397\n",
        "thLimits[nextJoint] is: 2.96705972839\n",
        "thIK[0:6, x] is: [ 0.78539816  1.44115408 -2.44036622  3.14159265  2.40166501  2.35619449]\n",
        "i is: 0.785398163397\n",
        "thLimits[nextJoint] is: 2.96705972839\n",
        "i is: 1.44115408083\n",
        "thLimits[nextJoint] is: 1.91986217719\n",
        "i is: 2.4403662203\n",
        "thLimits[nextJoint] is: 2.70526034059\n",
        "i is: 3.14159265359\n",
        "thLimits[nextJoint] is: 2.96705972839\n",
        "i is: 2.40166500606\n",
        "thLimits[nextJoint] is: 2.44346095279\n",
        "i is: 2.35619449019\n",
        "thLimits[nextJoint] is: 2.96705972839\n",
        "thIK[0:6, x] is: [ -2.35619449e+00   2.77304299e+00  -2.44036622e+00   5.30434284e-17\n",
        "  -1.06977610e+00   2.35619449e+00]\n",
        "i is: 2.35619449019\n",
        "thLimits[nextJoint] is: 2.96705972839\n",
        "i is: 2.77304298653\n",
        "thLimits[nextJoint] is: 1.91986217719\n",
        "i is: 2.4403662203\n",
        "thLimits[nextJoint] is: 2.70526034059\n",
        "i is: 5.3043428447e-17\n",
        "thLimits[nextJoint] is: 2.96705972839\n",
        "i is: 1.06977610035\n",
        "thLimits[nextJoint] is: 2.44346095279\n",
        "i is: 2.35619449019\n",
        "thLimits[nextJoint] is: 2.96705972839\n",
        "thIK[0:6, x] is: [  7.85398163e-01   1.44115408e+00  -2.44036622e+00  -1.56363683e-16\n",
        "  -2.40166501e+00  -7.85398163e-01]\n",
        "i is: 0.785398163397\n",
        "thLimits[nextJoint] is: 2.96705972839\n",
        "i is: 1.44115408083\n",
        "thLimits[nextJoint] is: 1.91986217719\n",
        "i is: 2.4403662203\n",
        "thLimits[nextJoint] is: 2.70526034059\n",
        "i is: 1.56363683462e-16\n",
        "thLimits[nextJoint] is: 2.96705972839\n",
        "i is: 2.40166500606\n",
        "thLimits[nextJoint] is: 2.44346095279\n",
        "i is: 0.785398163397\n",
        "thLimits[nextJoint] is: 2.96705972839\n",
        "tempOut: \n",
        "[[ -2.35619449e+00   7.85398163e-01   0.00000000e+00   0.00000000e+00\n",
        "    0.00000000e+00   0.00000000e+00   0.00000000e+00   0.00000000e+00]\n",
        " [ -1.44115408e+00   1.44115408e+00   0.00000000e+00   0.00000000e+00\n",
        "    0.00000000e+00   0.00000000e+00   0.00000000e+00   0.00000000e+00]\n",
        " [  2.44036622e+00  -2.44036622e+00   0.00000000e+00   0.00000000e+00\n",
        "    0.00000000e+00   0.00000000e+00   0.00000000e+00   0.00000000e+00]\n",
        " [ -2.03858125e-16  -1.56363683e-16   0.00000000e+00   0.00000000e+00\n",
        "    0.00000000e+00   0.00000000e+00   0.00000000e+00   0.00000000e+00]\n",
        " [  2.40166501e+00  -2.40166501e+00   0.00000000e+00   0.00000000e+00\n",
        "    0.00000000e+00   0.00000000e+00   0.00000000e+00   0.00000000e+00]\n",
        " [  2.35619449e+00  -7.85398163e-01   0.00000000e+00   0.00000000e+00\n",
        "    0.00000000e+00   0.00000000e+00   0.00000000e+00   0.00000000e+00]\n",
        " [  7.00000000e+00   0.00000000e+00   0.00000000e+00   0.00000000e+00\n",
        "    0.00000000e+00   0.00000000e+00   0.00000000e+00   0.00000000e+00]]\n",
        "tempOutLim is: \n",
        "[[ -2.35619449e+00   7.85398163e-01]\n",
        " [ -1.44115408e+00   1.44115408e+00]\n",
        " [  2.44036622e+00  -2.44036622e+00]\n",
        " [ -2.03858125e-16  -1.56363683e-16]\n",
        " [  2.40166501e+00  -2.40166501e+00]\n",
        " [  2.35619449e+00  -7.85398163e-01]\n",
        " [  7.00000000e+00   0.00000000e+00]]\n",
        "np.abs(thP) is: [  1.00000000e-05   1.00000000e-05   1.00000000e-05   1.00000000e-05\n",
        "   1.00000000e-06   1.00000000e-06]\n",
        "In Conditional if\n",
        "minDiff:[[ 4.99035367]\n",
        " [ 3.87737261]]\n",
        "smallestIndex: 1\n"
       ]
      },
      {
       "metadata": {},
       "output_type": "pyout",
       "prompt_number": 13,
       "text": [
        "[0.7853981633974483,\n",
        " 1.4411540808270613,\n",
        " -2.4403662202960494,\n",
        " -1.5636368346181503e-16,\n",
        " -2.401665006056476,\n",
        " -0.7853981633974484,\n",
        " 0.0]"
       ]
      }
     ],
     "prompt_number": 13
    },
    {
     "cell_type": "code",
     "collapsed": false,
     "input": [],
     "language": "python",
     "metadata": {},
     "outputs": []
    }
   ],
   "metadata": {}
  }
 ]
}