{
 "metadata": {
  "name": ""
 },
 "nbformat": 3,
 "nbformat_minor": 0,
 "worksheets": [
  {
   "cells": [
    {
     "cell_type": "code",
     "collapsed": false,
     "input": [
      "import numpy as np\n",
      "import math\n",
      "import kinematic_functions as kf\n",
      "from powerball_constants import *"
     ],
     "language": "python",
     "metadata": {},
     "outputs": [],
     "prompt_number": 1
    },
    {
     "cell_type": "code",
     "collapsed": false,
     "input": [
      "jointAngles = [0.5, 0.5, 0.5, 0.5, 0.5, 0.5]"
     ],
     "language": "python",
     "metadata": {},
     "outputs": [],
     "prompt_number": 2
    },
    {
     "cell_type": "code",
     "collapsed": false,
     "input": [
      "R01 = kf.rot3D(JOINT_1_ROTATION_AXIS, jointAngles[0])\n",
      "R12 = kf.rot3D(JOINT_2_ROTATION_AXIS, jointAngles[1])\n",
      "R23 = kf.rot3D(JOINT_3_ROTATION_AXIS, jointAngles[2])\n",
      "R34 = kf.rot3D(JOINT_4_ROTATION_AXIS, jointAngles[3])\n",
      "R45 = kf.rot3D(JOINT_5_ROTATION_AXIS, jointAngles[4])\n",
      "R56 = kf.rot3D(JOINT_6_ROTATION_AXIS, jointAngles[5])"
     ],
     "language": "python",
     "metadata": {},
     "outputs": [],
     "prompt_number": 3
    },
    {
     "cell_type": "code",
     "collapsed": false,
     "input": [
      "H01 = np.matrix([ [R01[0, 0], R01[0, 1], R01[0, 2], P01[0, 0]], \\\n",
      "                  [R01[1, 0], R01[1, 1], R01[1, 2], P01[1, 0]], \\\n",
      "                  [R01[2, 0], R01[2, 1], R01[2, 2], P01[2, 0]], \\\n",
      "                  [0, 0, 0, 1] ])\n",
      "H12 = np.matrix([ [R12[0, 0], R12[0, 1], R12[0, 2], P12[0, 0]], \\\n",
      "                  [R12[1, 0], R12[1, 1], R12[1, 2], P12[1, 0]], \\\n",
      "                  [R12[2, 0], R12[2, 1], R12[2, 2], P12[2, 0]], \\\n",
      "                  [0, 0, 0, 1] ])\n",
      "H23 = np.matrix([ [R23[0, 0], R23[0, 1], R23[0, 2], P23[0, 0]], \\\n",
      "                  [R23[1, 0], R23[1, 1], R23[1, 2], P23[1, 0]], \\\n",
      "                  [R23[2, 0], R23[2, 1], R23[2, 2], P23[2, 0]], \\\n",
      "                  [0, 0, 0, 1] ])\n",
      "H34 = np.matrix([ [R34[0, 0], R34[0, 1], R34[0, 2], P34[0, 0]], \\\n",
      "                  [R34[1, 0], R34[1, 1], R34[1, 2], P34[1, 0]], \\\n",
      "                  [R34[2, 0], R34[2, 1], R34[2, 2], P34[2, 0]], \\\n",
      "                  [0, 0, 0, 1] ])\n",
      "H45 = np.matrix([ [R45[0, 0], R45[0, 1], R45[0, 2], P45[0, 0]], \\\n",
      "                  [R45[1, 0], R45[1, 1], R45[1, 2], P45[1, 0]], \\\n",
      "                  [R45[2, 0], R45[2, 1], R45[2, 2], P45[2, 0]], \\\n",
      "                  [0, 0, 0, 1] ])\n",
      "H56 = np.matrix([ [R56[0, 0], R56[0, 1], R56[0, 2], P56[0, 0]], \\\n",
      "                  [R56[1, 0], R56[1, 1], R56[1, 2], P56[1, 0]], \\\n",
      "                  [R56[2, 0], R56[2, 1], R56[2, 2], P56[2, 0]], \\\n",
      "                  [0, 0, 0, 1] ])\n",
      "H06 = H01*H12*H23*H34*H45*H56"
     ],
     "language": "python",
     "metadata": {},
     "outputs": [],
     "prompt_number": 4
    },
    {
     "cell_type": "code",
     "collapsed": false,
     "input": [
      "p = [1, 1, 1]\n",
      "k1 = [-0.8, 0.0, 0.6]\n",
      "k2 = [0.6, -0.8, 0.0]\n",
      "q = kf.rot3D(k1, -math.pi/3)*kf.rot3D(k2, math.pi/4)*np.matrix(p).T\n",
      "q = [q[0, 0], q[1, 0], q[2, 0]]"
     ],
     "language": "python",
     "metadata": {},
     "outputs": [],
     "prompt_number": 5
    },
    {
     "cell_type": "code",
     "collapsed": false,
     "input": [
      "reload(kf)\n",
      "kf.ikine(H06, jointAngles)"
     ],
     "language": "python",
     "metadata": {},
     "outputs": [
      {
       "output_type": "stream",
       "stream": "stdout",
       "text": [
        "normP: [-0.86899931  0.          0.4948133 ]\n",
        "normQ: [ 0.1743028   0.19547259 -0.96509533]\n",
        "normK1: [ 0.  0.  1.]\n",
        "normK2: [ 0.  1.  0.]\n",
        "temp is: [[ 1.  0.]\n",
        " [ 0.  1.]]\n",
        "rhsNum is: -0.965095331802\n",
        "rhsDen is: 0.0\n",
        "alphaBeta is: [[-0.96509533]\n",
        " [ 0.        ]]\n",
        "alpha is: -0.965095331802\n",
        "beta is: 0.0\n",
        "denominator is: 0.931408999465\n",
        "2 solutions found!\n",
        "gamma1: 0.261898836452\n",
        "gamma2: -0.261898836452\n",
        "normP: [ 0.1743028   0.19547259 -0.96509533]\n",
        "normQ: [-0.26189884  0.         -0.96509533]\n",
        "normK: [ 0.  0.  1.]\n",
        "normP: [ 0.1743028   0.19547259 -0.96509533]\n",
        "normQ: [ 0.26189884  0.         -0.96509533]\n",
        "normK: [ 0.  0.  1.]\n",
        "normP: [-0.86899931  0.          0.4948133 ]\n",
        "normQ: [-0.26189884  0.         -0.96509533]\n",
        "normK: [ 0.  1.  0.]\n",
        "normP: [-0.86899931  0.          0.4948133 ]\n",
        "normQ: [ 0.26189884  0.         -0.96509533]\n",
        "normK: [ 0.  1.  0.]\n",
        "Inside subproblem2: \n",
        "theta11: -2.29900651161\n",
        "theta12: 0.842586141983\n",
        "theta21: 1.82342710937\n",
        "theta22: 2.35340549138\n",
        "Done inside subproblem2\n",
        "normP: [ 0.86899931  0.          0.4948133 ]\n",
        "normQ: [ 0.1743028   0.19547259 -0.96509533]\n",
        "normK1: [ 0.  0.  1.]\n",
        "normK2: [ 0.  1.  0.]\n",
        "temp is: [[ 1.  0.]\n",
        " [ 0.  1.]]\n",
        "rhsNum is: -0.965095331802\n",
        "rhsDen is: 0.0\n",
        "alphaBeta is: [[-0.96509533]\n",
        " [ 0.        ]]\n",
        "alpha is: -0.965095331802\n",
        "beta is: 0.0\n",
        "denominator is: 0.931408999465\n",
        "2 solutions found!\n",
        "gamma1: 0.261898836452\n",
        "gamma2: -0.261898836452\n",
        "normP: [ 0.1743028   0.19547259 -0.96509533]\n",
        "normQ: [-0.26189884  0.         -0.96509533]\n",
        "normK: [ 0.  0.  1.]\n",
        "normP: [ 0.1743028   0.19547259 -0.96509533]\n",
        "normQ: [ 0.26189884  0.         -0.96509533]\n",
        "normK: [ 0.  0.  1.]\n",
        "normP: [ 0.86899931  0.          0.4948133 ]\n",
        "normQ: [-0.26189884  0.         -0.96509533]\n",
        "normK: [ 0.  1.  0.]\n",
        "normP: [ 0.86899931  0.          0.4948133 ]\n",
        "normQ: [ 0.26189884  0.         -0.96509533]\n",
        "normK: [ 0.  1.  0.]\n",
        "Inside subproblem2: \n",
        "theta11: -2.29900651161\n",
        "theta12: 0.842586141983\n",
        "theta21: 2.35340549138\n",
        "theta22: 1.82342710937\n",
        "Done inside subproblem2\n",
        "theta11: [-2.299006511606976, 1.8234271093713603]\n",
        "theta21: [0.842586141982817, 2.3534054913759017]\n",
        "theta12: [-2.299006511606976, 2.3534054913759017]\n",
        "theta22: [0.842586141982817, 1.8234271093713603]\n",
        "After setting the solutions for shoulder right and shoulder left\n",
        "thIK is: \n",
        "[[-2.29900651  1.82342711 -2.29900651  1.82342711 -2.29900651  2.35340549\n",
        "  -2.29900651  2.35340549]\n",
        " [ 0.84258614  2.35340549  0.84258614  2.35340549  0.84258614  1.82342711\n",
        "   0.84258614  0.84258614]\n",
        " [ 2.54928701  2.54928701  2.54928701  2.54928701 -2.54928701 -2.54928701\n",
        "  -2.54928701 -2.54928701]\n",
        " [ 0.          0.          0.          0.          0.          0.          0.\n",
        "   0.        ]\n",
        " [ 0.          0.          0.          0.          0.          0.          0.\n",
        "   0.        ]\n",
        " [ 0.          0.          0.          0.          0.          0.          0.\n",
        "   0.        ]\n",
        " [ 3.          2.          3.          2.          1.          0.          1.\n",
        "   0.        ]]\n",
        "t03Rot:\n",
        "[[  9.01710289e-02   1.01122670e-01   9.90779184e-01]\n",
        " [  7.46366782e-01  -6.65534843e-01  -3.84673884e-17]\n",
        " [  6.59398069e-01   7.39484671e-01  -1.35486564e-01]]\n",
        "thirdRow:\n",
        "[[ -3.98506122e+02]\n",
        " [ -1.15754093e-14]\n",
        " [  3.18154240e+02]]\n",
        "Twrist:\n",
        "[[  9.01710289e-02   1.01122670e-01   9.90779184e-01  -3.98506122e+02]\n",
        " [  7.46366782e-01  -6.65534843e-01  -3.84673884e-17  -1.15754093e-14]\n",
        " [  6.59398069e-01   7.39484671e-01  -1.35486564e-01   3.18154240e+02]\n",
        " [  0.00000000e+00   0.00000000e+00   0.00000000e+00   1.00000000e+00]]\n",
        "Final Twrist:\n",
        "[[  9.01710289e-02   1.01122670e-01   9.90779184e-01  -3.98506122e+02]\n",
        " [  7.46366782e-01  -6.65534843e-01  -3.84673884e-17  -1.15754093e-14]\n",
        " [  6.59398069e-01   7.39484671e-01  -1.35486564e-01   3.18154240e+02]\n",
        " [  0.00000000e+00   0.00000000e+00   0.00000000e+00   1.00000000e+00]]\n",
        "t03Rot:\n",
        "[[ -2.45172134e-01   9.49741699e-01   1.94631268e-01]\n",
        " [ -9.68258204e-01  -2.49952098e-01   3.44569185e-17]\n",
        " [  4.86484938e-02  -1.88453322e-01   9.80876480e-01]]\n",
        "thirdRow:\n",
        "[[ -2.35295799e+02]\n",
        " [  8.54559457e-15]\n",
        " [  8.92998164e+01]]\n",
        "Twrist:\n",
        "[[ -2.45172134e-01   9.49741699e-01   1.94631268e-01  -2.35295799e+02]\n",
        " [ -9.68258204e-01  -2.49952098e-01   3.44569185e-17   8.54559457e-15]\n",
        " [  4.86484938e-02  -1.88453322e-01   9.80876480e-01   8.92998164e+01]\n",
        " [  0.00000000e+00   0.00000000e+00   0.00000000e+00   1.00000000e+00]]\n",
        "Final Twrist:\n",
        "[[ -2.45172134e-01   9.49741699e-01   1.94631268e-01  -2.35295799e+02]\n",
        " [ -9.68258204e-01  -2.49952098e-01   3.44569185e-17   8.54559457e-15]\n",
        " [  4.86484938e-02  -1.88453322e-01   9.80876480e-01   8.92998164e+01]\n",
        " [  0.00000000e+00   0.00000000e+00   0.00000000e+00   1.00000000e+00]]\n",
        "t03Rot:\n",
        "[[  6.44798766e-01   7.23112223e-01   2.47675725e-01]\n",
        " [  7.46366782e-01  -6.65534843e-01  -8.94957522e-17]\n",
        " [  1.64836825e-01   1.84856934e-01  -9.68842988e-01]]\n",
        "thirdRow:\n",
        "[[  1.44622866e+02]\n",
        " [  1.07718093e-14]\n",
        " [  4.88992307e+02]]\n",
        "Twrist:\n",
        "[[  6.44798766e-01   7.23112223e-01   2.47675725e-01   1.44622866e+02]\n",
        " [  7.46366782e-01  -6.65534843e-01  -8.94957522e-17   1.07718093e-14]\n",
        " [  1.64836825e-01   1.84856934e-01  -9.68842988e-01   4.88992307e+02]\n",
        " [  0.00000000e+00   0.00000000e+00   0.00000000e+00   1.00000000e+00]]\n",
        "Final Twrist:\n",
        "[[  6.44798766e-01   7.23112223e-01   2.47675725e-01   1.44622866e+02]\n",
        " [  7.46366782e-01  -6.65534843e-01  -8.94957522e-17   1.07718093e-14]\n",
        " [  1.64836825e-01   1.84856934e-01  -9.68842988e-01   4.88992307e+02]\n",
        " [  0.00000000e+00   0.00000000e+00   0.00000000e+00   1.00000000e+00]]\n",
        "t03Rot:\n",
        "[[  2.34936240e-01  -2.36250382e-01   9.42863044e-01]\n",
        " [ -7.09076148e-01  -7.05131914e-01  -7.77465158e-17]\n",
        " [  6.64842823e-01  -6.68561696e-01  -3.33180551e-01]]\n",
        "thirdRow:\n",
        "[[  2.10946528e+00]\n",
        " [  9.13651908e-15]\n",
        " [  3.58681508e+02]]\n",
        "Twrist:\n",
        "[[  2.34936240e-01  -2.36250382e-01   9.42863044e-01   2.10946528e+00]\n",
        " [ -7.09076148e-01  -7.05131914e-01  -7.77465158e-17   9.13651908e-15]\n",
        " [  6.64842823e-01  -6.68561696e-01  -3.33180551e-01   3.58681508e+02]\n",
        " [  0.00000000e+00   0.00000000e+00   0.00000000e+00   1.00000000e+00]]\n",
        "Final Twrist:\n",
        "[[  2.34936240e-01  -2.36250382e-01   9.42863044e-01   2.10946528e+00]\n",
        " [ -7.09076148e-01  -7.05131914e-01  -7.77465158e-17   9.13651908e-15]\n",
        " [  6.64842823e-01  -6.68561696e-01  -3.33180551e-01   3.58681508e+02]\n",
        " [  0.00000000e+00   0.00000000e+00   0.00000000e+00   1.00000000e+00]]\n",
        "tempOut: \n",
        "[[ -2.29900651e+00  -2.29900651e+00   2.35340549e+00   2.35340549e+00\n",
        "    0.00000000e+00   0.00000000e+00   0.00000000e+00   0.00000000e+00]\n",
        " [  8.42586142e-01   8.42586142e-01   1.82342711e+00   8.42586142e-01\n",
        "    0.00000000e+00   0.00000000e+00   0.00000000e+00   0.00000000e+00]\n",
        " [  2.54928701e+00   2.54928701e+00  -2.54928701e+00  -2.54928701e+00\n",
        "    0.00000000e+00   0.00000000e+00   0.00000000e+00   0.00000000e+00]\n",
        " [ -1.57391046e+00  -3.88253902e-17  -1.57342501e+00  -8.24579097e-17\n",
        "    0.00000000e+00   0.00000000e+00   0.00000000e+00   0.00000000e+00]\n",
        " [  1.70670086e+00  -1.70670086e+00   1.91047119e+00  -1.91047119e+00\n",
        "    0.00000000e+00   0.00000000e+00   0.00000000e+00   0.00000000e+00]\n",
        " [ -8.42586142e-01   2.29900651e+00   7.88187162e-01  -2.35340549e+00\n",
        "    0.00000000e+00   0.00000000e+00   0.00000000e+00   0.00000000e+00]\n",
        " [  7.00000000e+00   3.00000000e+00   4.00000000e+00   0.00000000e+00\n",
        "    0.00000000e+00   0.00000000e+00   0.00000000e+00   0.00000000e+00]]\n",
        "tempOutLim is: \n",
        "[[ -2.29900651e+00  -2.29900651e+00   2.35340549e+00   2.35340549e+00\n",
        "    0.00000000e+00]\n",
        " [  8.42586142e-01   8.42586142e-01   1.82342711e+00   8.42586142e-01\n",
        "    0.00000000e+00]\n",
        " [  2.54928701e+00   2.54928701e+00  -2.54928701e+00  -2.54928701e+00\n",
        "    0.00000000e+00]\n",
        " [ -1.57391046e+00  -3.88253902e-17  -1.57342501e+00  -8.24579097e-17\n",
        "    0.00000000e+00]\n",
        " [  1.70670086e+00  -1.70670086e+00   1.91047119e+00  -1.91047119e+00\n",
        "    0.00000000e+00]\n",
        " [ -8.42586142e-01   2.29900651e+00   7.88187162e-01  -2.35340549e+00\n",
        "    0.00000000e+00]\n",
        " [  7.00000000e+00   3.00000000e+00   4.00000000e+00   0.00000000e+00\n",
        "    0.00000000e+00]]\n"
       ]
      },
      {
       "metadata": {},
       "output_type": "pyout",
       "prompt_number": 15,
       "text": [
        "array([ 1.70670086])"
       ]
      }
     ],
     "prompt_number": 15
    }
   ],
   "metadata": {}
  }
 ]
}